59749
4543
47185
46422
25727
18921
27388
39399
42581
4040
64821
21794
39159
7886
28066
44489
57184
16048
49056
19213
51916
15396
32977
62344
52396
25360
45688
23097
55269
25691
34531
35235
17940
24193
58657
17562
6507
1875
59822
25573
26444
23469
4183
11697
31632
26391
32308
25194
52797
38309
6354
43041
15961
1692
1396
41995
35208
45568
36654
24533
39698
7940
49287
8218
53876
24933
39922
2233
41776
6215
26983
28054
6843
65141
5553
30801
44754
2641
58663
32800
52209
12108
30363
38571
39472
7140
12123
3443
21372
8715
1537
8553
58002
11467
21000
16425
47970
55567
53655
4586
27817
39235
47199
22265
7512
8162
382
54744
24423
3214
52743
53713
45782
11768
43366
28568
1965
18727
42965
55401
8745
45255
30787
597
10862
34049
26141
38966
60856
62169
36726
17345
33818
30917
7175
29143
38908
6604
22874
52146
30060
35087
19086
61549
9187
386
28308
16433
1789
33021
26915
44909
5775
3803
30887
60079
32302
11691
35073
34271
1221
28860
34703
22896
46915
51808
56249
34847
862
43604
32643
20065
22989
38290
51346
45963
1950
60867
6922
25314
50621
5880
18339
25016
24905
49836
32012
30279
18615
38743
27867
62240
64968
45131
30090
13067
50303
2765
26722
31567
4297
10003
27433
46336
28827
13995
50410
39695
5148
45569
21173
41207
51852
11321
22520
7969
52674
35861
15685
52390
6432
18928
11055
27758
12393
4764
52415
60360
8410
54522
41255
15567
30682
12621
19896
38344
51308
58639
15197
45516
55290
53602
19735
23906
30122
52483
45622
19708
29301
35090
16104
41489
56463
25229
33600
61407
3126
17728
13117
14658
54064
34848
46357
40791
10551
27432
42271
2956
32431
9194
21383
26914
51795
64605
9939
18551
54932
16202
4619
29694
1571
39801
3600
57741
3350
25155
38272
62793
6937
60468
18907
37819
58434
24275
8647
33104
26187
44500
15130
58433
22794
43058
51913
60836
57278
6960
49203
7350
22167
583
54251
50973
23057
36776
41775
32735
21892
52729
39927
12131
51411
11473
16699
42847
58323
30487
20239
53303
15872
16584
37249
14461
5041
37106
39726
29882
9287
31054
43189
58502
47216
65289
53044
50035
31034
33846
30163
63372
10825
7994
8109
34284
28538
39361
48088
36482
704
19307
18343
58622
61047
37355
15243
60407
58562
12455
24405
830
55914
37330
38804
18684
60645
27144
36193
26915
60565
4777
48240
60898
55114
34308
11031
51399
10478
65516
32015
21736
16924
7396
3795
47469
43972
61132
42014
38672
46241
59272
62304
11557
40713
64753
61777
27033
15452
54712
24108
36148
42050
47396
22830
33008
33469
64413
63867
39967
58707
38001
25896
17410
14152
52791
4878
30342
19368
48848
49429
22859
35660
36574
53977
19997
4716
65133
55871
48400
17784
62998
51387
50298
1487
1308
62383
48786
42241
9828
41824
7566
18063
915
14948
30771
58641
45010
15797
56294
22088
48743
13195
5336
45755
62801
45982
47918
34356
13574
22027
31492
20660
38209
55758
26485
40810
65289
49116
50284
30075
36515
18423
49717
49347
57514
48896
16144
10691
48358
8113
40
64493
47934
21800
37650
3638
60482
56777
27999
12382
60141
62537
3788
30967
14598
52960
12082
34
22295
29098
2286
52335
42081
13185
60903
32705
63258
37957
48804
16970
51586
47903
59971
28599
20844
45670
4609
9907
26132
49312
42327
25395
34611
35320
4918
10550
63862
40538
60206
13593
53976
56812
19800
63961
5684
33469
49992
37258
64578
27279
26031
57928
8605
27132
33780
10076
10668
29149
47835
27690
9603
17525
2045
19017
41024
30740
22344
28423
2166
56504
53305
27590
31736
51221
47290
4424
63763
50001
44268
54728
8814
65114
42220
24880
6447
25037
25880
32736
14472
10385
33161
11254
32246
22939
46110
44154
12096
65307
27648
41537
27218
32436
57432
14633
4078
23815
39926
10933
16681
4402
8063
12868
3271
25160
29008
31841
3388
21579
63504
18255
32398
39732
60711
48170
42190
17479
53514
13026
25754
8086
15130
57745
24398
63600
60323
1545
12460
56027
24257
6244
2979
12563
5344
35942
42059
5678
3916
11837
21996
44301
30504
43896
51587
60536
18823
23533
5053
9600
5691
46288
40284
34726
9935
58391
65080
14753
43566
8235
54870
58796
5546
4534
14729
10185
49226
1962
19896
27420
42769
6728
43417
60465
17137
3494
63123
47188
49586
18642
31762
16646
52211
2251
63922
3470
12952
40957
32764
1720
28389
61581
33261
2399
16660
54023
56201
52919
64369
2333
132
46183
8657
3645
28900
40452
4523
15193
13699
40014
58216
35125
51985
32827
50400
55940
5207
14139
46320
17943
48180
12043
62319
54947
45319
59504
13633
45707
61134
58684
60581
32723
48843
50616
53248
6186
35780
28592
30624
35844
52454
44233
2985
60309
48958
45585
53438
1493
23301
20175
4629
4727
22200
8194
48404
10380
4734
38842
43851
10784
60110
7958
26101
62056
60993
15886
22681
45452
1946
57574
18572
25539
57163
22348
15407
47850
36535
2033
10233
63158
34792
33836
65483
29191
7735
21822
39579
55373
64548
42817
64301
22063
40992
45011
32083
53619
4648
8141
29018
32612
17988
4737
20984
39701
45425
12747
55796
43010
7809
20390
20558
36412
48146
39802
53793
64808
7105
9669
47916
15889
41329
22525
32450
59779
59467
54069
56753
36611
26172
13768
57358
10071
5674
12860
61093
19353
61817
14067
54453
26589
19160
27205
64109
3217
47849
43192
20779
51016
54111
28203
56883
34649
35643
32420
40391
5668
42649
53921
20773
64282
55980
50505
17608
47556
15192
847
62181
33223
32535
61300
46959
34561
49289
32796
22685
32748
50845
22590
38860
33662
13728
38843
7238
19263
53347
37746
734
60208
39401
1925
1038
25893
61702
3355
11561
12511
59784
1059
29189
21415
13510
2123
8680
61914
59195
29077
28253
14478
40345
17487
31604
65058
49710
31907
51454
50091
36746
28405
31118
42935
32641
23237
308
631
64043
4504
61601
33995
44857
45302
56487
56462
12793
54793
11052
45584
23750
1318
55555
49594
6385
55195
64740
27496
23394
43295
60897
11150
10687
13271
62793
33425
1761
49442
26342
6595
13633
13741
54706
54451
20928
25482
63532
40410
9803
17699
11536
24806
33158
21048
37220
57267
60378
15568
16877
2811
19154
31135
56897
49694
48694
58790
16744
26428
5779
13479
54562
29590
20392
8424
46
9448
6743
20425
12047
